team_id,league_id,season,team_name,matches_played_total,matches_played_home,matches_played_away,wins_total,wins_home,wins_away,draws_total,draws_home,draws_away,losses_total,losses_home,losses_away,goals_for_total,goals_for_home,goals_for_away,goals_for_avg_total,goals_for_avg_home,goals_for_avg_away,goals_against_total,goals_against_home,goals_against_away,goals_against_avg_total,goals_against_avg_home,goals_against_avg_away,clean_sheets_total,clean_sheets_home,clean_sheets_away,failed_to_score_total,failed_to_score_home,failed_to_score_away,form,extracted_at
410,88,2021,GO Ahead Eagles,34,17,17,10,7,3,6,1,5,18,9,9,37,25,12,1.1,1.5,0.7,51,24,27,1.5,1.4,1.6,8,4,4,13,5,8,LLWLWLLDWWWDLWLDLLLDLLDWDLWWWLLLLL,2025-07-27 14:09:22.457646
413,88,2021,NEC Nijmegen,34,17,17,10,3,7,8,5,3,16,9,7,38,13,25,1.1,0.8,1.5,52,22,30,1.5,1.3,1.8,10,6,4,10,8,2,LWWDDLLWLWWDDLLLWWDLDWDLLLDWLLLWLL,2025-07-27 14:09:22.457705
414,88,2021,Roda,2,1,1,0,0,0,1,0,1,1,1,0,2,0,2,1.0,0.0,2.0,4,2,2,2.0,2.0,2.0,0,0,0,1,1,0,DL,2025-07-27 14:09:22.457765
415,88,2021,Twente,34,17,17,20,10,10,8,5,3,6,2,4,55,28,27,1.6,1.6,1.6,37,13,24,1.1,0.8,1.4,13,9,4,3,1,2,LDLWWWWDDLLWWDWWWDWWWLDWWWWDWWDLWW,2025-07-27 14:09:22.457821
417,88,2021,Waalwijk,34,17,17,9,6,3,11,3,8,14,8,6,40,17,23,1.2,1.0,1.4,51,25,26,1.5,1.5,1.5,6,4,2,8,5,3,WLDLDLLDDWLDLDWLLDWWLLDLLDWDLLWDWW,2025-07-27 14:09:22.457878
420,88,2021,Cambuur,34,17,17,11,5,6,6,3,3,17,9,8,53,29,24,1.6,1.7,1.4,70,35,35,2.1,2.1,2.1,4,1,3,6,0,6,LLWWLWWLLLWWWWLWLDDDLLLWLLLLLLDDDW,2025-07-27 14:09:22.457937
422,88,2021,FC Eindhoven,4,2,2,1,1,0,1,0,1,2,1,1,6,4,2,1.5,2.0,1.0,6,3,3,1.5,1.5,1.5,0,0,0,0,0,0,DWLL,2025-07-27 14:09:22.458016
426,88,2021,Sparta Rotterdam,34,17,17,8,4,4,11,7,4,15,6,9,30,16,14,0.9,0.9,0.8,48,21,27,1.4,1.2,1.6,7,3,4,13,5,8,LDLWDDLLDLLWLLLDDDDLLWLWDDLLWLDWWW,2025-07-27 14:09:22.458095
193,88,2021,PEC Zwolle,34,17,17,7,3,4,6,5,1,21,9,12,26,13,13,0.8,0.8,0.8,52,20,32,1.5,1.2,1.9,6,3,3,15,6,9,LLLLLDLLLWLLLDDLLLWWDWDLWLLLWWLDLL,2025-07-27 14:09:22.458173
194,88,2021,Ajax,34,17,17,26,14,12,5,1,4,3,2,1,98,62,36,2.9,3.6,2.1,19,8,11,0.6,0.5,0.6,22,12,10,3,2,1,WDWWWWWLWWDDWWWLWWWWWWWLWWWWWWWDWD,2025-07-27 14:09:22.458248
195,88,2021,Willem II,34,17,17,9,7,2,6,3,3,19,7,12,32,18,14,0.9,1.1,0.8,57,20,37,1.7,1.2,2.2,7,5,2,15,7,8,LWWDWWWLDDLLLLLLLLLLWLLLDLDLLWLWDW,2025-07-27 14:09:22.458337
196,88,2021,Excelsior,6,3,3,3,1,2,3,2,1,0,0,0,15,6,9,2.5,2.0,3.0,8,3,5,1.3,1.0,1.7,2,1,1,0,0,0,DWWWDD,2025-07-27 14:09:22.458417
197,88,2021,PSV Eindhoven,34,17,17,26,14,12,3,0,3,5,3,2,86,49,37,2.5,2.9,2.2,42,22,20,1.2,1.3,1.2,9,4,5,2,1,1,WWWWLWLWWLWWWDWWWWWLLWWWWWWDWWWDWW,2025-07-27 14:09:22.458493
198,88,2021,ADO Den Haag,6,3,3,4,2,2,2,1,1,0,0,0,13,8,5,2.2,2.7,1.7,9,6,3,1.5,2.0,1.0,0,0,0,0,0,0,WWWWDD,2025-07-27 14:09:22.458570
199,88,2021,De Graafschap,2,1,1,0,0,0,1,1,0,1,0,1,2,1,1,1.0,1.0,1.0,4,1,3,2.0,1.0,3.0,0,0,0,0,0,0,DL,2025-07-27 14:09:22.458652
200,88,2021,Vitesse,38,19,19,17,8,9,6,3,3,15,8,7,49,25,24,1.3,1.3,1.3,61,30,31,1.6,1.6,1.6,9,4,5,9,4,5,WLLWLWDWWLWWLDWWDWWLLLDWDLLWLLWLWDLWWL,2025-07-27 14:09:22.458729
201,88,2021,AZ Alkmaar,38,19,19,20,13,7,7,3,4,11,3,8,75,44,31,2.0,2.3,1.6,50,21,29,1.3,1.1,1.5,5,4,1,7,3,4,LWLLLWWWLWLDDWWWWWWDWWWWWLDWLWDDDLLWLW,2025-07-27 14:09:22.458809
202,88,2021,Groningen,34,17,17,9,4,5,9,6,3,16,7,9,41,18,23,1.2,1.1,1.4,55,21,34,1.6,1.2,2.0,4,3,1,9,5,4,WDLDLLLDDWLDWWDDLLLWWLDWDWWLLLLLLL,2025-07-27 14:09:22.458889
203,88,2021,NAC Breda,2,1,1,0,0,0,0,0,0,2,1,1,2,1,1,1.0,1.0,1.0,4,2,2,2.0,2.0,2.0,0,0,0,0,0,0,LL,2025-07-27 14:09:22.458966
205,88,2021,Fortuna Sittard,34,17,17,10,6,4,5,2,3,19,9,10,36,20,16,1.1,1.2,0.9,67,31,36,2.0,1.8,2.1,8,5,3,7,3,4,WDLLLDLWDLLLLLLWDLLLWWLLWLLDWWLWLW,2025-07-27 14:09:22.459042
206,88,2021,Heracles,36,18,18,9,7,2,7,5,2,20,6,14,34,23,11,0.9,1.3,0.6,55,24,31,1.5,1.3,1.7,8,5,3,14,5,9,LDLWLWWLLDLWLLLLWDDDLWLWLDLWLWDLLLLL,2025-07-27 14:09:22.459119
207,88,2021,Utrecht,36,18,18,13,9,4,11,6,5,12,3,9,54,35,19,1.5,1.9,1.1,50,21,29,1.4,1.2,1.6,8,4,4,8,3,5,WDWLDWWWLWWLLWLDDDLWWLDWDLLDDLWDDLWL,2025-07-27 14:09:22.459205
209,88,2021,Feyenoord,34,17,17,22,11,11,5,3,2,7,3,4,76,39,37,2.2,2.3,2.2,34,17,17,1.0,1.0,1.0,13,6,7,3,2,1,WWLWWWLDWWWWDWWDLWLWWWWLDWLWWWWDWL,2025-07-27 14:09:22.459268
210,88,2021,Heerenveen,36,18,18,12,7,5,8,3,5,16,8,8,40,26,14,1.1,1.4,0.8,54,28,26,1.5,1.6,1.4,8,3,5,11,5,6,WWLDWLLWLLLDWDWDWLLLLLLLDDWDWLDWLWWL,2025-07-27 14:09:22.459332
