team_id,league_id,season,team_name,matches_played_total,matches_played_home,matches_played_away,wins_total,wins_home,wins_away,draws_total,draws_home,draws_away,losses_total,losses_home,losses_away,goals_for_total,goals_for_home,goals_for_away,goals_for_avg_total,goals_for_avg_home,goals_for_avg_away,goals_against_total,goals_against_home,goals_against_away,goals_against_avg_total,goals_against_avg_home,goals_against_avg_away,clean_sheets_total,clean_sheets_home,clean_sheets_away,failed_to_score_total,failed_to_score_home,failed_to_score_away,form,extracted_at
409,88,2023,Dordrecht,2,1,1,0,0,0,1,0,1,1,1,0,2,0,2,1.0,0.0,2.0,3,1,2,1.5,1.0,2.0,0,0,0,1,1,0,DL,2025-07-27 14:09:22.461054
410,88,2023,GO Ahead Eagles,36,17,19,14,7,7,10,4,6,12,6,6,51,31,20,1.4,1.8,1.1,48,23,25,1.3,1.4,1.3,11,5,6,9,4,5,LWWDWLLWDDWWDLLDLWDWDWLWLLWDDLLDLWWW,2025-07-27 14:09:22.461131
413,88,2023,NEC Nijmegen,35,18,17,14,8,6,11,4,7,10,6,4,69,36,33,2.0,2.0,1.9,53,27,26,1.5,1.5,1.5,7,5,2,4,1,3,LLWDLWLDDDDDLWWWDWDWLDWWWLWDWDLWLWL,2025-07-27 14:09:22.461205
414,88,2023,Roda,2,1,1,0,0,0,0,0,0,2,1,1,1,0,1,0.5,0.0,1.0,8,5,3,4.0,5.0,3.0,0,0,0,1,1,0,LL,2025-07-27 14:09:22.461279
415,88,2023,Twente,34,17,17,21,14,7,6,1,5,7,2,5,69,40,29,2.0,2.4,1.7,36,17,19,1.1,1.0,1.1,10,6,4,6,2,4,WWWWLWWWDWDDLWWDWLDWWLWWWLWDWLWLWW,2025-07-27 14:09:22.461359
416,88,2023,FC Volendam,34,17,17,4,3,1,7,2,5,23,12,11,34,16,18,1.0,0.9,1.1,88,44,44,2.6,2.6,2.6,2,2,0,11,7,4,LLLLDLWLWLDLLLLWLDLLLDLLDLDDWLLLLL,2025-07-27 14:09:22.461433
417,88,2023,Waalwijk,34,17,17,7,4,3,8,6,2,19,7,12,38,20,18,1.1,1.2,1.1,56,25,31,1.6,1.5,1.8,5,3,2,11,4,7,LLLLWWLWLLLWDLLDLLDLWLLLWDDDLLDWDL,2025-07-27 14:09:22.461509
419,88,2023,Almere City FC,34,17,17,7,3,4,13,7,6,14,7,7,33,18,15,1.0,1.1,0.9,59,30,29,1.7,1.8,1.7,10,5,5,11,6,5,LLLLDLWWDDWDLLLWWDLWDWLDDDDDDLLDLL,2025-07-27 14:09:22.461585
426,88,2023,Sparta Rotterdam,35,17,18,14,6,8,7,5,2,14,6,8,52,25,27,1.5,1.5,1.5,51,25,26,1.5,1.5,1.4,8,4,4,7,3,4,WDWDLWLLDWLWLWLDWLDLLWLDLDWWLWWLWWL,2025-07-27 14:09:22.461664
193,88,2023,PEC Zwolle,34,17,17,9,5,4,9,3,6,16,9,7,45,19,26,1.3,1.1,1.5,67,31,36,2.0,1.8,2.1,5,3,2,6,3,3,LLWWDLLLWDWLLWLDDDWWDLLLDLLLWDWLDL,2025-07-27 14:09:22.461741
194,88,2023,Ajax,34,17,17,15,9,6,11,6,5,8,2,6,74,39,35,2.2,2.3,2.1,61,21,40,1.8,1.2,2.4,5,4,1,4,1,3,WDDLLLLLWWDWWWWDWWWDLDLWDDWDLWDWWD,2025-07-27 14:09:22.461818
196,88,2023,Excelsior,38,19,19,9,6,3,11,7,4,18,6,12,65,37,28,1.7,1.9,1.5,82,29,53,2.2,1.5,2.8,6,4,2,8,4,4,WDDLDWWDLLDDLDLDLWDLLLLLLDLLLWDLWLWWLW,2025-07-27 14:09:22.461892
197,88,2023,PSV Eindhoven,34,17,17,29,16,13,4,1,3,1,0,1,111,54,57,3.3,3.2,3.4,21,11,10,0.6,0.6,0.6,18,9,9,0,0,0,WWWWWWWWWWWWWWWWWDWDWWWDWWLWWWWWDW,2025-07-27 14:09:22.461983
198,88,2023,ADO Den Haag,4,2,2,1,0,1,1,1,0,2,1,1,7,3,4,1.8,1.5,2.0,13,4,9,3.3,2.0,4.5,0,0,0,0,0,0,WDLL,2025-07-27 14:09:22.462046
199,88,2023,De Graafschap,2,1,1,0,0,0,1,0,1,1,1,0,4,2,2,2.0,2.0,2.0,5,3,2,2.5,3.0,2.0,0,0,0,0,0,0,LD,2025-07-27 14:09:22.462101
200,88,2023,Vitesse,34,17,17,6,2,4,6,6,0,22,9,13,30,15,15,0.9,0.9,0.9,74,30,44,2.2,1.8,2.6,3,3,0,15,6,9,WLLLLLWDLDLLLLWLDLLLLDWLLDLLLLWLWD,2025-07-27 14:09:22.462170
201,88,2023,AZ Alkmaar,34,17,17,19,11,8,8,3,5,7,3,4,70,41,29,2.1,2.4,1.7,39,18,21,1.1,1.1,1.2,13,7,6,5,2,3,WWWWWDWWWDLWDLWLLDDLDWWDWWWLLWWWWD,2025-07-27 14:09:22.462244
203,88,2023,NAC Breda,6,3,3,4,2,2,1,1,0,1,0,1,19,10,9,3.2,3.3,3.0,8,4,4,1.3,1.3,1.3,2,0,2,0,0,0,WWDWWL,2025-07-27 14:09:22.462324
205,88,2023,Fortuna Sittard,34,17,17,9,7,2,11,6,5,14,4,10,37,27,10,1.1,1.6,0.6,56,20,36,1.6,1.2,2.1,9,4,5,16,6,10,DWDDWLLLLDLWLWWLLDWDLLWWDWLDLLLDDD,2025-07-27 14:09:22.462398
206,88,2023,Heracles,34,17,17,9,6,3,6,4,2,19,7,12,41,25,16,1.2,1.5,0.9,74,35,39,2.2,2.1,2.3,4,3,1,14,6,8,LWWLDDWLDLLLWLLLWDLLWLLDLWLWWLLLLD,2025-07-27 14:09:22.462477
207,88,2023,Utrecht,36,19,17,14,9,5,11,5,6,11,5,6,53,33,20,1.5,1.7,1.2,50,26,24,1.4,1.4,1.4,8,4,4,10,3,7,LLLLWLLLWDDDWDWDDDDWWWWLDWLWWWDWLDWL,2025-07-27 14:09:22.462553
208,88,2023,Emmen,4,2,2,1,0,1,2,1,1,1,1,0,4,2,2,1.0,1.0,1.0,6,5,1,1.5,2.5,0.5,1,0,1,1,1,0,DWDL,2025-07-27 14:09:22.462629
209,88,2023,Feyenoord,34,17,17,26,13,13,6,3,3,2,1,1,92,51,41,2.7,3.0,2.4,26,10,16,0.8,0.6,0.9,17,10,7,3,2,1,DDWWWWWWWLWWWLWWDWDWWWWDWWWDWWWWWW,2025-07-27 14:09:22.462706
210,88,2023,Heerenveen,34,17,17,10,6,4,7,3,4,17,8,9,53,30,23,1.6,1.8,1.4,70,36,34,2.1,2.1,2.0,7,4,3,8,3,5,WWLLLLLDLWLWWWLLDLDDWLWWLLDDLWLDLL,2025-07-27 14:09:22.462785
