team_id,league_id,season,team_name,matches_played_total,matches_played_home,matches_played_away,wins_total,wins_home,wins_away,draws_total,draws_home,draws_away,losses_total,losses_home,losses_away,goals_for_total,goals_for_home,goals_for_away,goals_for_avg_total,goals_for_avg_home,goals_for_avg_away,goals_against_total,goals_against_home,goals_against_away,goals_against_avg_total,goals_against_avg_home,goals_against_avg_away,clean_sheets_total,clean_sheets_home,clean_sheets_away,failed_to_score_total,failed_to_score_home,failed_to_score_away,form,extracted_at
409,88,2024,Dordrecht,4,2,2,2,2,0,1,0,1,1,0,1,6,4,2,1.5,2.0,1.0,4,1,3,1.0,0.5,1.5,2,1,1,1,0,1,DWWL,2025-07-27 14:09:22.462862
410,88,2024,GO Ahead Eagles,34,17,17,14,10,4,9,4,5,11,3,8,57,32,25,1.7,1.9,1.5,55,22,33,1.6,1.3,1.9,9,6,3,7,2,5,LLWLWDWWLDDLWLWDWWWDLWLWWWLDDDLDWL,2025-07-27 14:09:22.462940
413,88,2024,NEC Nijmegen,35,17,18,12,6,6,7,6,1,16,5,11,53,36,17,1.5,2.1,0.9,49,24,25,1.4,1.4,1.4,10,4,6,9,0,9,LLWWLLDLWLWWLLLDLWWDLDLDLWDLWLDWWWL,2025-07-27 14:09:22.463019
415,88,2024,Twente,36,18,18,16,11,5,9,4,5,11,3,8,67,39,28,1.9,2.2,1.6,54,23,31,1.5,1.3,1.7,11,8,3,2,0,2,WDLDWWWLDWWDWWLWLWLDDWWDWLLDDLWWLLWL,2025-07-27 14:09:22.463098
417,88,2024,Waalwijk,34,17,17,6,5,1,7,3,4,21,9,12,44,25,19,1.3,1.5,1.1,74,31,43,2.2,1.8,2.5,4,4,0,11,6,5,LLLLLLLLDLWLDDLLDLDWWWLLLLDDLLLWLW,2025-07-27 14:09:22.463183
419,88,2024,Almere City FC,34,17,17,4,2,2,10,5,5,20,10,10,23,13,10,0.7,0.8,0.6,64,36,28,1.9,2.1,1.6,7,3,4,17,7,10,LLLDDLLLDWLLLLLLWDLLWDLLLDWDLLDLDD,2025-07-27 14:09:22.463260
420,88,2024,Cambuur,2,1,1,0,0,0,1,1,0,1,0,1,1,1,0,0.5,1.0,0.0,2,1,1,1.0,1.0,1.0,0,0,0,1,0,1,LD,2025-07-27 14:09:22.463338
421,88,2024,Den Bosch,4,2,2,1,1,0,2,1,1,1,0,1,3,1,2,0.8,0.5,1.0,3,0,3,0.8,0.0,1.5,2,2,0,1,1,0,WDDL,2025-07-27 14:09:22.463412
426,88,2024,Sparta Rotterdam,34,17,17,9,4,5,12,6,6,13,7,6,39,20,19,1.1,1.2,1.1,43,24,19,1.3,1.4,1.1,6,4,2,9,4,5,DDDWLWDLDLLLLLLDLDDWWLLWDDWWWDLWDL,2025-07-27 14:09:22.463485
427,88,2024,Telstar,6,3,3,4,2,2,2,1,1,0,0,0,10,6,4,1.7,2.0,1.3,4,3,1,0.7,1.0,0.3,3,1,2,1,0,1,WWDWDW,2025-07-27 14:09:22.463564
193,88,2024,PEC Zwolle,34,17,17,10,7,3,11,4,7,13,6,7,43,24,19,1.3,1.4,1.1,51,20,31,1.5,1.2,1.8,6,5,1,10,3,7,LLLWDLWDLLDWLWDLDLWWDLDLLDWDDLWDWW,2025-07-27 14:09:22.463645
194,88,2024,Ajax,34,17,17,24,13,11,6,3,3,4,1,3,67,38,29,2.0,2.2,1.7,32,14,18,0.9,0.8,1.1,16,8,8,2,1,1,WLWDWWWWWWDWWDLWWWWWWWWWWDWWWLDLDW,2025-07-27 14:09:22.463724
195,88,2024,Willem II,38,19,19,7,4,3,9,3,6,22,12,10,41,24,17,1.1,1.3,0.9,65,32,33,1.7,1.7,1.7,5,3,2,11,5,6,DWDLWLLWDLLWDLLWWLDLLDLLLLLLLLDLLDLWDL,2025-07-27 14:09:22.463802
197,88,2024,PSV Eindhoven,34,17,17,25,13,12,4,3,1,5,1,4,103,55,48,3.0,3.2,2.8,39,15,24,1.1,0.9,1.4,9,6,3,2,1,1,WWWWWWWWWWLWWWWLWDLWDDDLWWLWWWWWWW,2025-07-27 14:09:22.463882
198,88,2024,ADO Den Haag,2,1,1,0,0,0,0,0,0,2,1,1,0,0,0,0.0,0.0,0.0,3,1,2,1.5,1.0,2.0,0,0,0,2,1,1,LL,2025-07-27 14:09:22.463963
199,88,2024,De Graafschap,2,1,1,0,0,0,1,1,0,1,0,1,0,0,0,0.0,0.0,0.0,2,0,2,1.0,0.0,2.0,1,1,0,2,1,1,DL,2025-07-27 14:09:22.464040
201,88,2024,AZ Alkmaar,36,19,17,18,10,8,9,4,5,9,5,4,65,37,28,1.8,1.9,1.6,40,20,20,1.1,1.1,1.2,12,6,6,5,1,4,WWDWWWLLLDLLWWWWWDDLWWWLDDDLLDWWWDWW,2025-07-27 14:09:22.464125
202,88,2024,Groningen,34,17,17,10,8,2,9,6,3,15,3,12,40,27,13,1.2,1.6,0.8,53,14,39,1.6,0.8,2.3,7,7,0,12,5,7,WWDDDLLLLLLWLWDLDLWDLWWDWDLLLWWLDL,2025-07-27 14:09:22.464207
203,88,2024,NAC Breda,34,17,17,8,6,2,9,6,3,17,5,12,34,21,13,1.0,1.2,0.8,58,22,36,1.7,1.3,2.1,5,4,1,10,2,8,LWLLWLLWWWLLDWWLLLWLDLDLDDDLDDLLLD,2025-07-27 14:09:22.464290
205,88,2024,Fortuna Sittard,34,17,17,11,8,3,8,1,7,15,8,7,37,17,20,1.1,1.0,1.2,54,24,30,1.6,1.4,1.8,10,8,2,11,6,5,WWLLLLDWDWWLLDDWWLLLDLLWWLLDLWLWDD,2025-07-27 14:09:22.464367
206,88,2024,Heracles,34,17,17,9,6,3,11,7,4,14,4,10,42,29,13,1.2,1.7,0.8,63,27,36,1.9,1.6,2.1,6,3,3,9,1,8,DLDLDWWLLLWLDLDLDWDDDWLWLDWDWLLWLL,2025-07-27 14:09:22.464432
207,88,2024,Utrecht,34,17,17,18,9,9,10,3,7,6,5,1,62,28,34,1.8,1.6,2.0,45,24,21,1.3,1.4,1.2,9,6,3,6,4,2,WDWWWWWWLWWWLDWDLWDDDLDWWLWDWWWLDD,2025-07-27 14:09:22.464511
209,88,2024,Feyenoord,34,17,17,20,11,9,8,3,5,6,3,3,76,38,38,2.2,2.2,2.2,38,18,20,1.1,1.1,1.2,10,6,4,5,2,3,DWDDWDWWWLWWWDWWLLDLWDWDWWWWWWWLWL,2025-07-27 14:09:22.464590
210,88,2024,Heerenveen,35,17,18,12,10,2,7,6,1,16,1,15,43,30,13,1.2,1.8,0.7,61,15,46,1.7,0.9,2.6,6,6,0,10,1,9,LDWLLWLDLWLWLDWWLWLLDDDWLDLWLWWLLWL,2025-07-27 14:09:22.464669
