team_id,league_id,season,team_name,matches_played_total,matches_played_home,matches_played_away,wins_total,wins_home,wins_away,draws_total,draws_home,draws_away,losses_total,losses_home,losses_away,goals_for_total,goals_for_home,goals_for_away,goals_for_avg_total,goals_for_avg_home,goals_for_avg_away,goals_against_total,goals_against_home,goals_against_away,goals_against_avg_total,goals_against_avg_home,goals_against_avg_away,clean_sheets_total,clean_sheets_home,clean_sheets_away,failed_to_score_total,failed_to_score_home,failed_to_score_away,form,extracted_at
410,88,2022,GO Ahead Eagles,34,17,17,10,7,3,10,6,4,14,4,10,46,28,18,1.4,1.6,1.1,56,23,33,1.6,1.4,1.9,8,7,1,9,3,6,LLLLLWWDDDDWDDWDLLLWLWDLWDLLWWDLWL,2025-07-27 14:09:22.459389
412,88,2022,MVV,2,1,1,0,0,0,0,0,0,2,1,1,1,1,0,0.5,1.0,0.0,5,4,1,2.5,4.0,1.0,0,0,0,1,0,1,LL,2025-07-27 14:09:22.459446
413,88,2022,NEC Nijmegen,34,17,17,8,3,5,15,9,6,11,5,6,42,28,14,1.2,1.6,0.8,45,28,17,1.3,1.6,1.0,9,2,7,13,3,10,LWDDDDDDDLDLWWDDWLDLDWWLDWLDLWLLLD,2025-07-27 14:09:22.459495
415,88,2022,Twente,38,19,19,21,15,6,11,4,7,6,0,6,74,51,23,1.9,2.7,1.2,29,11,18,0.8,0.6,0.9,19,12,7,6,0,6,WWLWWDLWLWWWDDWDWDDDWLLDWWDWLDWWWWWWDW,2025-07-27 14:09:22.459565
416,88,2022,FC Volendam,34,17,17,10,9,1,6,1,5,18,7,11,42,29,13,1.2,1.7,0.8,71,32,39,2.1,1.9,2.3,5,3,2,9,2,7,DLWLLLDLLDLLLLWWLDWDLWLWLWDLLWLWLW,2025-07-27 14:09:22.459650
417,88,2022,Waalwijk,34,17,17,11,9,2,8,3,5,15,5,10,50,34,16,1.5,2.0,0.9,64,26,38,1.9,1.5,2.2,6,3,3,12,4,8,DDLDWLWDWDLLWLDLDWWDLWWLLWLWLLWLLL,2025-07-27 14:09:22.459713
419,88,2022,Almere City FC,6,3,3,3,2,1,2,1,1,1,0,1,9,6,3,1.5,2.0,1.0,5,2,3,0.8,0.7,1.0,1,1,0,1,0,1,LWDDWW,2025-07-27 14:09:22.459768
420,88,2022,Cambuur,34,17,17,5,3,2,4,0,4,25,14,11,26,14,12,0.8,0.8,0.7,69,33,36,2.0,1.9,2.1,7,2,5,20,11,9,LDWLLLLWDLLLLLLDLWLLDLLWLLLLLLLLLW,2025-07-27 14:09:22.459833
422,88,2022,FC Eindhoven,2,1,1,1,1,0,0,0,0,1,0,1,2,1,1,1.0,1.0,1.0,3,0,3,1.5,0.0,3.0,1,1,0,0,0,0,WL,2025-07-27 14:09:22.459895
426,88,2022,Sparta Rotterdam,38,19,19,18,10,8,9,3,6,11,6,5,63,33,30,1.7,1.7,1.6,41,20,21,1.1,1.1,1.1,14,5,9,11,5,6,DLLWWLWDWWLWWDDWWDDDWLLWWWLWWDLLWWWLDL,2025-07-27 14:09:22.459948
194,88,2022,Ajax,34,17,17,20,10,10,9,5,4,5,2,3,86,47,39,2.5,2.8,2.3,38,14,24,1.1,0.8,1.4,11,7,4,4,2,2,WWWWWWLDWWWLDDDDDDWWWWWWWLDWWLDWWL,2025-07-27 14:09:22.460000
195,88,2022,Willem II,2,1,1,0,0,0,1,1,0,1,0,1,4,2,2,2.0,2.0,2.0,5,2,3,2.5,2.0,3.0,0,0,0,0,0,0,LD,2025-07-27 14:09:22.460061
196,88,2022,Excelsior,34,17,17,9,8,1,5,2,3,20,7,13,32,22,10,0.9,1.3,0.6,71,26,45,2.1,1.5,2.6,8,5,3,16,6,10,WWLLLWLLDLWLLLWLWLLDLLLLLWDLWDLDWL,2025-07-27 14:09:22.460141
197,88,2022,PSV Eindhoven,34,17,17,23,14,9,6,2,4,5,1,4,89,54,35,2.6,3.2,2.1,40,14,26,1.2,0.8,1.5,11,8,3,4,2,2,WWWWLWWLWWLWWLDDWLWDWDWWWDWWWWWWDW,2025-07-27 14:09:22.460222
200,88,2022,Vitesse,34,17,17,10,5,5,10,6,4,14,6,8,45,24,21,1.3,1.4,1.2,50,25,25,1.5,1.5,1.5,9,6,3,11,5,6,LLLDWLDLLWWLDDDDLDWDWLLLLDLWWDLWWW,2025-07-27 14:09:22.460289
201,88,2022,AZ Alkmaar,34,17,17,20,9,11,7,5,2,7,3,4,68,36,32,2.0,2.1,1.9,35,20,15,1.0,1.2,0.9,12,4,8,2,1,1,WWWDWDWWWLLWLWDWWWDDWLWWWLDLWWDWWL,2025-07-27 14:09:22.460350
202,88,2022,Groningen,34,17,17,4,3,1,6,3,3,24,11,13,31,20,11,0.9,1.2,0.6,75,34,41,2.2,2.0,2.4,4,2,2,13,6,7,DLWDLWLLLLWDLLLLLLLDLDWLLLLLLLDLLL,2025-07-27 14:09:22.460411
203,88,2022,NAC Breda,4,2,2,2,1,1,0,0,0,2,1,1,6,2,4,1.5,1.0,2.0,5,2,3,1.3,1.0,1.5,1,1,0,1,0,1,WWLL,2025-07-27 14:09:22.460494
204,88,2022,VVV Venlo,4,2,2,1,1,0,3,1,2,0,0,0,7,4,3,1.8,2.0,1.5,6,3,3,1.5,1.5,1.5,0,0,0,0,0,0,WDDD,2025-07-27 14:09:22.460577
205,88,2022,Fortuna Sittard,34,17,17,10,5,5,6,4,2,18,8,10,39,21,18,1.1,1.2,1.1,62,28,34,1.8,1.6,2.0,7,6,1,10,6,4,LLLLLDWWWDDLLWLDLWWDWLLWLLWLLLWLLD,2025-07-27 14:09:22.460652
207,88,2022,Utrecht,36,18,18,16,8,8,9,5,4,11,5,6,57,21,36,1.6,1.2,2.0,52,17,35,1.4,0.9,1.9,13,8,5,6,4,2,DDLLWWDWLLWWWWDDLWDWLDWLDLDWWLWWLWLW,2025-07-27 14:09:22.460731
208,88,2022,Emmen,38,19,19,8,4,4,10,9,1,20,6,14,38,19,19,1.0,1.0,1.0,70,25,45,1.8,1.3,2.4,8,7,1,13,8,5,LDWLLLLDLDLDWDLDLWLDLDDLWLWDLWLLLLWWLL,2025-07-27 14:09:22.460814
209,88,2022,Feyenoord,34,17,17,25,12,13,7,4,3,2,1,1,81,37,44,2.4,2.2,2.6,30,10,20,0.9,0.6,1.2,13,8,5,2,2,0,WDWWWWLDWWDWWWDWDWDDWWWWWWWWWWWWWL,2025-07-27 14:09:22.460891
210,88,2022,Heerenveen,36,18,18,12,6,6,10,3,7,14,9,5,45,22,23,1.3,1.2,1.3,56,28,28,1.6,1.6,1.6,10,4,6,13,5,8,DDWWDLWDLDWLWWDLWLLLLWLDLWDWLLWDDWLL,2025-07-27 14:09:22.460980
